(I*epsilon, 9, [Matrix([
[1.0],
[  0],
[  0],
[  0],
[  0],
[  0],
[  0],
[  0],
[  0]]), Matrix([
[  0],
[1.0],
[  0],
[  0],
[  0],
[  0],
[  0],
[  0],
[  0]]), Matrix([
[  0],
[  0],
[1.0],
[  0],
[  0],
[  0],
[  0],
[  0],
[  0]]), Matrix([
[  0],
[  0],
[  0],
[1.0],
[  0],
[  0],
[  0],
[  0],
[  0]]), Matrix([
[  0],
[  0],
[  0],
[  0],
[1.0],
[  0],
[  0],
[  0],
[  0]]), Matrix([
[  0],
[  0],
[  0],
[  0],
[  0],
[1.0],
[  0],
[  0],
[  0]]), Matrix([
[  0],
[  0],
[  0],
[  0],
[  0],
[  0],
[1.0],
[  0],
[  0]]), Matrix([
[  0],
[  0],
[  0],
[  0],
[  0],
[  0],
[  0],
[1.0],
[  0]]), Matrix([
[  0],
[  0],
[  0],
[  0],
[  0],
[  0],
[  0],
[  0],
[1.0]])])
